$ 1 0.000005 28.90693621245522 50 5 50 5e-11
r 80 16 80 160 0 1000
r 288 16 288 160 0 1000
r 240 352 80 352 0 10000
d 80 192 288 192 2 1N5712
t 240 352 288 352 0 1 0.49304499501043897 0.6392746309710959 100 default
w 80 272 80 352 0
w 288 192 288 304 0
w 288 304 288 336 0
w 80 240 80 192 0
g 288 368 288 400 0 0
g 0 432 0 464 0 0
v 0 432 0 368 16 3 2 1.65 1.65 0 0.5
v 624 80 624 16 0 0 40 3.3 0 0 0.5
g 624 80 624 112 0 0
w 288 16 432 16 0
w 624 16 544 16 0
w 0 368 0 352 0
s 80 352 80 432 0 1 false
w 64 352 80 352 0
w 0 352 16 352 0
407 336 240 336 320 1
407 336 160 352 160 1
w 80 16 288 16 0
w 288 368 432 368 0
w 432 16 544 16 0
r 544 16 544 240 0 1300
r 544 240 544 368 0 1300
w 432 368 480 368 0
c 480 240 480 368 4 1e-11 3.163080986122271 0.001 0
w 480 368 544 368 0
w 480 240 544 240 0
w 336 160 288 160 0
w 80 240 336 240 0
s 16 352 64 352 0 0 false
w 0 432 80 432 0
w 288 192 336 192 0
w 432 192 432 240 0
w 432 272 432 368 0
w 432 240 480 240 0
403 640 16 896 96 0 12_512_0_12545_0.0001_0.008914767174280275_-1_2_12_3
403 -224 176 64 336 0 33_512_0_12545_0.0001_0.002163480846091152_-1_2_33_3
403 -208 0 64 144 0 0_512_0_12545_0.0001_0.0027240446398335773_-1_2_0_3
403 112 32 272 112 0 1_512_0_12289_0.0001_0.0026521208013520004_-1_2_1_3
w 80 160 80 192 0
w 432 16 432 160 0
403 576 240 864 352 0 26_512_0_4353_5_0.003125_-1_2_26_3
403 576 128 864 224 0 25_512_0_12545_0.0001_0.002427249643933409_-1_2_25_3
403 304 400 608 496 0 37_512_0_12545_0.0001_0.005489949649510827_-1_2_37_3
403 640 400 896 496 0 44_512_0_12545_0.0001_0.0048051016575027675_-1_2_44_3
d 336 272 80 272 2 1N4148
o 11 128 0 4099 2.5 0.003125 0 1
