$ 1 0.000005 28.90693621245522 50 5 50 5e-11
r 80 48 80 128 0 470
r 288 48 288 128 0 470
r 240 352 80 352 0 10000
d 32 304 288 304 2 1N5712
t 240 352 288 352 0 1 0.5337295322719772 0.6587866144928872 100 default
w 80 272 80 352 0
w 288 192 288 304 0
w 288 304 288 336 0
w 288 368 288 448 0
w 80 240 80 128 0
w 288 160 288 128 0
g 288 448 288 480 0 0
g 0 432 0 464 0 0
v 0 432 0 368 16 3 2 1.65 1.65 0 0.5
v 624 80 624 16 0 0 40 3.3 0 0 0.5
g 624 80 624 112 0 0
w 80 48 80 16 0
w 288 16 432 16 0
w 288 48 288 16 0
w 624 16 544 16 0
w 0 368 0 352 0
s 80 352 80 432 0 1 false
w 64 352 80 352 0
w 0 352 16 352 0
407 336 240 336 320 1
407 336 160 352 160 1
w 80 16 288 16 0
w 288 448 432 448 0
r 432 16 432 160 0 0.01
w 432 16 544 16 0
r 544 16 544 240 0 1300
r 544 240 544 448 0 1300
w 432 448 544 448 0
c 640 240 640 448 4 1e-11 3.1841352346193665 0.001 0
w 544 448 640 448 0
w 544 240 640 240 0
w 80 128 32 128 0
w 32 304 32 128 0
w 336 160 288 160 0
w 80 240 336 240 0
w 80 272 336 272 0
s 64 352 16 352 0 0 false
w 0 432 80 432 0
w 288 192 336 192 0
w 432 192 432 240 0
w 432 272 432 448 0
w 432 240 544 240 0
403 704 16 896 192 0 14_256_0_4099_5_0.05_-1_2_14_3
403 -224 176 16 336 0 41_256_0_12291_0.0001_0.005871903959703683_-1_2_41_3
403 -112 32 48 112 0 0_256_0_12289_0.0001_0.005872041118160329_-1_2_0_3
403 112 32 272 112 0 1_256_0_12289_0.0001_0.005610952984325183_-1_2_1_3
o 28 64 0 4099 5 0.025 0 5 28 3 31 0 31 3 13 0
