$ 1 0.000005 28.90693621245522 50 5 50 5e-11
r 80 48 80 128 0 270
r 288 48 288 128 0 270
r 256 352 208 352 0 10000
d 32 304 304 304 2 1N5711
t 288 352 336 352 0 1 0.526682452345016 0.6721341409418677 100 default
w 80 192 80 352 0
w 80 352 208 352 0
w 336 288 336 304 0
w 336 304 304 304 0
w 336 304 336 336 0
w 336 368 336 416 0
w 256 352 288 352 0
w 80 160 80 128 0
w 288 256 288 128 0
g 336 448 336 480 0 0
g 0 432 0 464 0 0
v 0 432 0 368 16 2 2 1.65 1.65 0 0.5
v 672 80 672 16 0 0 40 3.3 0 0 0.5
g 672 80 672 112 0 0
w 80 48 80 16 0
w 288 16 432 16 0
w 288 48 288 16 0
w 672 16 544 16 0
w 336 448 336 416 0
w 0 368 0 352 0
s 64 352 16 352 0 0 false
w 64 352 80 352 0
w 0 352 16 352 0
407 336 160 336 240 1
407 336 256 352 256 1
w 80 16 288 16 0
w 432 192 432 256 0
w 432 288 432 448 0
w 336 448 432 448 0
r 432 16 432 160 0 0.01
w 432 16 544 16 0
r 544 16 544 192 0 1000
r 544 192 544 448 0 1000
w 432 448 544 448 0
w 432 192 544 192 0
c 640 192 640 448 4 1e-11 0.11566841559882603 0.001 0
w 544 448 640 448 0
w 544 192 640 192 0
w 80 128 32 128 0
w 32 304 32 128 0
w 336 256 288 256 0
w 80 160 336 160 0
w 80 192 336 192 0
o 34 64 0 4099 5 0.025 0 6 34 3 37 0 37 3 16 0 16 3
